circuitscape_calculations/circuitscape/resistance.asc
NCOLS 600 
NROWS 600 
XLLCORNER 273957 
YLLCORNER 65907 
CELLSIZE 1 
NODATA_value -9999 
[rows 390 to 415 of 600, columns 0 to 57 of 600]
24017.752 24017.724 24017.651 24017.631 24017.611 24017.557 24016.51 24016.495 24016.453 24016.39 24016.379 24016.345 24016.292 24024.192 24024.182 23694.151 21547.802 19394.51 17560.168 16044.351 14850.86 13987.39 12934.626 12038.579 11490.09 11305.039 11304.998 61848.129 62112.742 62783.653 63672.694 64583.423 65712.358 67248.35 69159.056 70146.08 71336.444 72913.48 74858.469 76982.12 78936.202 78488.274 77640.744 77065.322 76740.958 76648.432 127602.119 128875.132 131141.097 133449.011 135787.721 138179.43 140587.196 143083.603 145660.752 148338.354 151097.476 153911.278
24017.631 24017.611 24017.557 24017.51 24017.495 24016.453 24016.39 24016.379 24016.345 24016.292 24024.182 24024.154 24024.109 24024.075 24024.067 24024.043 23694.001 21547.645 19726.423 18228.888 17056.58 16044.166 14850.697 13987.207 13463.409 13287.681 64149.068 64107.773 64432.108 65139.089 66049.149 66981.785 68117.633 69636.998 71522.367 72888.077 74095.468 75675.232 77616.124 79910.052 80691.886 79597.548 78785.45 78259.182 77998.67 78007.958 128790.088 130602.702 131950.239 134299.099 136696.308 139156.338 141690.702 144301.946 146973.608 149709.561 152514.075 155385.199
24016.51 24016.495 24016.453 24016.39 24016.379 24016.345 24016.292 24016.262 24024.154 24024.109 24024.067 24024.043 24024.004 24023.959 24023.952 24023.931 24023.897 24023.851 22208.32 20720.553 19560.26 18228.7 17056.41 16213.311 15704.501 66457.129 66628.986 66639.332 67008.178 67745.085 68676.523 69631.446 70781.092 72299.78 74177.504 75899.711 77128.446 78721.231 80670.826 82965.892 82103.214 81056.53 80310.913 79861.095 79703.581 79863.407 130272.079 131473.265 132918.152 135333.444 137805.437 140344.324 142936.777 145598.418 148316.974 151101.115 153953.992 156884.154
24016.39 24016.379 24016.345 24016.292 24016.262 24024.154 24024.109 24024.067 24024.043 24024.004 24023.952 24023.931 24023.897 24023.851 24023.838 24023.819 24023.789 24023.748 24023.709 23528.672 22208.145 20720.362 19560.086 18728.706 18228.489 69531.334 69400.408 69450.507 69854.462 70617.846 71571.016 72548.598 73716.223 75244.373 77127.085 79197.161 80442.24 82055.034 84022.632 85184.267 83865.217 82872.356 82193.983 81830.075 81585.11 81428.291 131532.237 132940.063 134917.465 136463.941 138981.416 141560.282 144198.418 146906.845 149674.503 152506.264 155421.679 158394.382
24016.272 24016.262 24016.234 24024.109 24024.067 24024.043 24024.004 24023.952 24023.931 24023.897 24023.851 24023.819 24023.789 24023.748 24023.725 24023.709 24023.681 24023.644 24023.598 24023.574 24023.54 23528.489 22373.095 21547.129 72197.09 72738.376 72471.365 72552.816 72985.768 73773.559 74748.803 75749.415 76937.804 78474.331 80371.164 82623.159 84068.052 85705.857 87698.387 87238.739 85964.509 85027.037 84243.488 83597.355 83246.014 83194.729 83460.234 134662.505 136016.926 137607.461 140168.712 142789.517 145474.879 148228.909 151044.532 153926.76 156893.22 159920.405
24024.075 24024.067 24024.043 24024.004 24023.952 24023.931 24023.897 24023.851 24023.819 24023.789 24023.748 24023.709 24023.681 24023.644 24023.614 24023.598 24023.574 24023.54 24023.498 24023.467 24023.436 24023.397 24023.36 74830.046 75700.356 76095.91 75852.924 75959.686 76417.501 77228.395 78218.126 79242.132 80453.275 82018.868 83936.581 86211.118 87848.596 89020.143 90217.697 89627.671 88230.745 87009.119 86113.001 85537.346 85274.174 85140.057 85092.582 136014.587 137552.245 139666.029 141358.888 144025.244 146753.472 149558.218 152424.152 155359.137 158372.242 161464.961
24023.959 24023.952 24023.931 24023.897 24023.851 24023.819 24023.789 24023.748 24023.709 24023.681 24023.644 24023.598 24023.574 24023.54 24023.503 24023.489 24023.467 24023.436 24023.397 24023.36 24023.332 24023.296 24023.254 75343.654 76231.811 77140.954 78072.691 79017.618 79992.417 80990.589 82010.968 83058.723 84129.126 85224.427 86342.944 87490.032 88661.527 89863.383 91092.508 91855.888 90332.956 89160.096 88321.347 87643.805 87101.746 86864.948 86927.765 137852.76 139613.153 141248.071 143465.786 145270.547 148048.447 150902.911 153819.343 156807.041 159872.906 163021.066
24023.844 24023.838 24023.819 24023.789 24023.748 24023.709 24023.681 24023.644 24023.598 24023.574 24023.54 24023.498 24023.467 24023.436 24023.397 24023.381 24023.36 24023.332 24023.296 24023.254 24023.228 24023.195 74970.476 75857.273 76755.54 77683.465 78634.786 79608.023 80604.058 81624.361 82667.782 83739.629 84835.091 85956.516 87102.204 88277.68 89478.71 90711.434 91972.731 93264.688 92770.421 91476.865 90356.992 89570.235 89102.047 88958.195 89139.387 140047.366 141504.59 143367.647 145103.457 147434.715 149354.704 152255.96 155224.763 158263.922 161385.837 164590.944
24023.731 24023.725 24023.709 24023.681 24023.644 24023.598 24023.574 24023.54 24023.498 24023.467 24023.436 24023.397 24023.36 24023.332 24023.296 24023.273 24023.254 24023.228 24023.195 24023.156 24023.124 24015.174 75458.374 76362.67 77287.059 78233.956 79205.07 80198.928 81216.45 82259.166 83325.921 84423.188 85543.068 86691.004 87864.287 89068.61 90299.677 91564.813 92858.875 94185.039 95045.9 93628.373 92559.343 91834.366 91450.236 91397.75 91687.599 142151.499 143749.997 145302.543 147262.724 149123.875 151571.17 154522.988 156635.195 159729.644 162903.407 166164.276
24023.619 24023.614 24023.598 24023.574 24023.54 23528.489 22373.095 21547.129 21051.079 20885.61 21051.014 21546.989 22372.882 23528.219 24023.195 24023.166 24023.149 24023.124 24015.174 24015.137 24015.102 75051.049 75953.415 76875.354 77818.109 78784.157 79775.267 80789.956 81829.202 82894.592 83985.969 85106.97 86253.61 87427.435 88628.72 89863.339 91124.926 92421.011 93748.408 95109.412 96500.6 96122.733 95103.104 94437.883 94117.15 94148.352 94176.503 94558.996 145891.113 147587.344 149240.364 151328.644 153966.459 156315.23 158959.856 162109.308 165350.597 168673.851
24023.507 23528.494 22373.117 21547.16 21051.118 20720.161 19559.872 18728.498 18228.287 18061.254 18228.219 18728.361 19559.668 20719.888 21050.776 21546.754 22372.672 23528.013 24015.073 24015.039 24014.999 75528.888 76448.353 77387.077 78348.338 79333.701 80344.991 81380.714 82441.907 83530.218 84644.487 85790.523 86963.254 88165.322 89395.005 90658.348 91951.927 93279.475 94648.692 96045.146 97474.321 98942.773 97969.274 97359.512 97103.846 96869.955 96984.825 97109.115 149310.107 150781.193 152628.021 154930.695 157497.179 159853.994 162766.206 166046.156 169412.494 172196.829
22207.898 20720.157 19559.893 18728.526 18228.323 18061.296 17055.983 16212.895 15704.098 15533.906 15704.027 16212.761 17055.786 18061.022 18227.984 18728.125 19559.453 20719.683 22199.474 23519.932 75088.904 76004.179 76940.85 77897.478 78877.382 79882.21 80913.848 81970.792 83054.142 84165.602 85304.025 86475.371 87674.507 88904.158 90162.613 91464.014 92788.037 94149.545 95545.284 96977.784 98444.596 99952.504 101166.509 100606.882 100077.37 99911.644 99764.53 99979.124 151725.081 153310.594 155286.74 157718.464 159981.636 162510.456 165539.354 168870.585 172084.201 174815.529
19559.8 18228.275 17056.002 16212.921 15704.131 15533.945 14850.064 13986.583 13462.794 13287.057 13462.722 13986.452 14849.867 15533.669 15703.796 16212.528 17055.567 18227.809 19559.305 20711.607 73730.235 76476.587 77431.556 78406.195 79404.861 80429.291 81481.427 82559.77 83665.462 84800.286 85963.098 87160.019 88393.771 89651.328 90938.909 92262.923 93618.821 95013.766 96444.474 97913.592 99418.668 100966.724 102552.688 103853.379 103376.803 102940.395 102864.628 102820.907 154459.211 156147.289 158236.463 160566.544 162760.963 165397.996 168467.72 171869.534 174751.14 177678.004
17055.909 16043.524 14850.074 13986.608 13462.824 13287.094 12933.786 12037.75 11489.264 11304.209 11489.19 12037.621 12933.59 13286.824 13462.493 13986.222 14849.644 16043.064 17055.423 69287.178 71702.76 74471.459 77590.111 78913.851 79930.391 80974.536 82047.308 83147.201 84275.409 85441.71 86629.129 87851.869 89104.667 90390.433 91707.475 93062.389 94450.573 95879.407 97345.586 98851.872 100395.82 101984.691 103613.343 105288.86 106675.454 106295.214 105952.011 105983.392 157487.745 159242.461 161399.531 163453.526 165754.717 168473.807 171631.182 175082.372 177683.98 180739.672
14849.982 13986.529 12933.79 12037.772 11489.293 11304.243 11304.209 10358.399 9769.71 9568.861 9769.641 10351.353 11296.093 11296.058 11488.965 12037.393 12933.364 13986.077 14849.503 67538.539 69988.29 72786.81 75929.843 79088.061 80453.562 81517.525 82611.05 83740.548 84891.424 86073.537 87285.758 88534.543 89814.553 91128.808 92475.619 93861.782 95282.634 96745.785 98247.909 99791.888 101375.287 103005.613 104677.662 106398.777 108163.099 109649.323 109365.595 109465.428 109934.333 162596.371 164649.737 166606.218 168979.182 171783.543 175021.256 178177.968 180895.321 184048.17
12933.697 12037.693 11304.206 10358.421 9769.736 9568.893 9568.861 8948.802 8293.635 8064.513 8286.65 8941.752 9560.745 9560.713 9769.412 10358.049 11303.787 12037.247 63955.973 66096.133 68581.981 71418.144 74258.728 77443.125 80644.956 82057.823 83172.198 84323.497 85497.177 86703.171 87940.369 89215.397 90522.844 91865.843 93242.705 94660.435 96114.313 97612.182 99150.694 100732.866 102356.26 104028.653 105744.773 107512.233 109325.103 111192.404 113108.511 113270.489 113808.227 166231.012 168014.805 170039.518 172488.456 175368.977 178673.877 181570.712 184384.49 187599.251
11304.114 10358.341 9769.669 8948.816 8293.66 8064.543 8064.513 7828.406 7053.776 6767.745 7053.715 7821.353 8057.399 8056.367 8285.424 8948.45 9769.26 10357.9 62741.079 64943.449 67483.678 70025.253 72904.253 75787.99 79015.848 82594.987 83730.287 84895.559 86100.075 87330.078 88592.402 89893.847 91228.929 92600.898 94008.069 95457.657 96944.888 98477.842 100053.156 101673.982 103337.888 105052.922 106813.754 108628.271 110490.478 112409.727 114380.335 116415.325 118006.042 170003.183 171678.029 173767.017 176285.343 179236.456 182592.462 185188.234 188037.017 191325.787
9967.949 8948.735 8293.591 7828.414 7060.719 6774.694 6766.745 6766.713 6105.179 5675.899 6105.121 6767.582 6767.552 6767.523 7052.491 7828.055 8293.191 59892.24 61815.91 64095.925 66351.136 68940.005 71525.184 74448.115 77708.201 81314.055 84284.836 85472.071 86699.59 87953.706 89241.281 90569.288 91932.179 93333.313 94771.018 96252.723 97773.601 99341.975 100954.469 102614.377 104319.273 106077.487 107883.63 109745.879 111658.167 113630.2 115656.233 117749.767 119896.882 172935.578 175655.411 177798.823 180347.343 183322.344 186520.685 188994.616 191902 244580.197
8948.636 7828.333 7060.65 6774.635 6104.202 5674.925 5674.899 5675.867 5675.832 4765.552 5675.773 5675.739 5675.707 5675.679 6103.901 6766.362 7060.257 59164.67 61203.557 63181.735 65515.458 67812.21 70453.361 73422.679 76720.165 80355.817 84340.34 86044.595 87295.176 88573.489 89886.409 91241.097 92631.937 94062.401 95530.836 97044.882 98599.666 100203.757 101853.772 103553.148 105299.474 107101.36 108953.373 110863.981 112827.052 114852.655 116934.993 119088.053 121297.649 123566.546 177213.961 180523.452 183915.651 187439.393 190549.961 193109.884 196113.505 249134.584
7828.235 7060.556 6112.051 5682.785 5682.769 4764.578 4764.552 4764.523 4765.489 4765.457 4765.429 4765.397 4765.362 4765.335 5675.555 5674.521 6103.746 58785.39 60485.734 62579.974 64612.715 66996.705 69694.589 72714.04 76052.816 79720.509 83565.823 86612.598 87878.36 89188.839 90527.171 91908.628 93327.526 94787.453 96286.778 97833.352 99422.263 101062.331 102750.164 104489.352 106277.502 108123.508 110021.899 111981.445 113995.95 116075.858 118215.325 120428.845 122701.956 125037.626 178211.228 181582.005 185054.073 188641.117 192320.633 286094.657 292035.67 348009.541
7060.458 6111.958 5682.697 4772.436 4772.42 4764.481 4764.457 4764.429 4765.397 4765.362 4765.335 4765.305 4765.271 4765.242 4765.213 4765.181 56861.165 58220.619 60115.803 61872.33 64021.971 66496.067 69261.166 72331.406 75540.324 78908.888 82619.999 86680.526 88464.405 89799.153 91162.935 92571.216 94018.247 95507.737 97038.072 98617.324 100240.543 101916.802 103642.708 105422.005 107252.323 109142.848 111088.074 113097.081 115163.619 117298.506 119495.865 121770.712 124108.31 126511.845 179247.979 182688.933 269280.807 274751.913 280400.355 286256.392 292311.482 348617.43
6111.861 5682.605 4772.349 4772.338 4772.323 4772.304 4764.362 4764.335 4765.305 4765.271 4765.242 4765.213 4765.181 4765.15 4765.122 4765.092 56316.293 58162.163 59559.961 61512.143 63790.06 66347.219 68984.884 71754.046 74841.275 78250.974 81995.067 86082.477 89044.806 90395.895 91793.055 93228.178 94703.383 96222.496 97783.922 99395.962 101053.626 102766.247 104530.43 106350.084 108222.862 110158.253 112150.711 114209.641 116328.744 118511.3 120767.252 123104.222 200838.296 204901.788 209084.363 264057.5 269436.518 274999.412 280723.282 286620.074 342094.89 349292.13
5682.509 4772.257 4772.251 4772.241 4772.227 4772.209 4764.267 4764.242 4765.213 4765.181 4765.15 4765.122 4764.092 4764.058 4764.032 55758.397 56676.415 57625.274 59517.911 61628.084 63742.48 65960.461 68498.406 71327.504 74466.224 77916.195 81692.908 85808.666 89619.963 90995.273 92416.864 93878.815 95382.195 96930.951 98523.51 100168.403 101860.603 103609.707 105412.324 107272.526 109188 111168.54 113200.646 115309.9 117482.032 189710.921 193455.91 197324.781 201304.464 205400.551 209618.654 264299.709 269718.474 275314.356 281068.262 286997.054 342729.906 349972.853
5682.412 4772.16 4772.154 4772.145 4772.131 4772.114 4772.094 4764.15 4764.122 4765.092 4765.058 4764.032 4764.002 4763.97 4763.942 56100.455 57030.946 57992.932 59891.381 61361.6 63386.341 65733.246 68354.843 71242.126 74423.381 77909.127 81715.238 85857.006 90187.265 91586.722 93026.76 94522.408 96053.926 97632.306 99255.998 100933.762 102660.536 104446.192 106287.344 108188.23 110138.655 176082.783 179428.6 182880.064 186431.028 190095.7 193869.231 197769.11 201780.337 205908.623 210161.05 264557.368 270004.444 275630.631 281417.774 287379.356 343370.155 350659.816
4764.146 4772.064 4772.059 4772.049 4772.037 4772.021 4772.001 4764.058 4764.032 4764.002 4763.97 4763.942 4763.914 4763.883 4763.853 56436.716 57379.554 58362.455 59364.259 61322.041 63505.424 65925.486 68592.401 71521.246 74722.608 78232.552 82063.508 86063.076 90252.079 92170.584 93635.892 95158.23 96717.805 98325.742 99980.519 101691.122 103452.464 105267.767 166852.334 169932.141 173102.759 176374.081 179741.443 183216.042 186791.884 190482.431 194282.937 198211.787 202254.104 206415.971 210704.11 215131.005 270292.398 275948.581 281768.87 287767.181 344006.098 351347.768
4764.051 4771.969 4771.964 4771.955 4771.943 4771.928 4771.909 4771.887 4763.942 4763.914 4763.883 4763.853 4763.826 4763.796 55822.895 56774.782 57729.822 58717.656 59732.911 61705.028 63903.644 66339.796 69023.595 71970.127 74836.765 78035.633 81565.688 85431.85 89648.433 92746.194 94235.631 95785.53 97373.039 99010.425 155576.213 158322.052 161154.327 164075.015 167081.436 170180.363 173369.657 176660.814 180048.887 183545.648 187145.425 190862.267 194690.561 198649.566 202725.017 206920.347 211245.257 215712.102 270569.191 276260.862 282117.383 288155.633 344638.272 352037.041
