circuitscape_calculations/circuitscape/resistance.asc
NCOLS 600 
NROWS 600 
XLLCORNER 273957 
YLLCORNER 65907 
CELLSIZE 1 
NODATA_value -9999 
[rows 26 to 51 of 600, columns 232 to 289 of 600]
24008.589 24008.602 24008.615 24008.629 24008.642 24008.656 24008.671 24008.685 24008.7 24008.715 24008.73 24008.746 24008.761 24008.778 24008.794 24008.81 24008.827 24008.845 24008.862 24008.88 24008.898 24008.916 24008.935 24008.954 24008.973 24008.992 24009.012 24009.032 24009.053 24009.074 24009.095 24009.116 24009.138 24009.16 24009.183 24009.206 24009.229 24009.252 24009.276 24009.3 24009.325 24009.35 24009.375 24009.401 24009.427 24009.454 24009.481 24009.508 24009.536 24009.724 24009.912 24010.101 24010.291 24010.481 24010.671 24010.861 24011.053 24011.244
24008.589 24008.602 24008.615 24008.629 24008.642 24008.656 24008.671 24008.685 24008.7 24008.715 24008.73 24008.746 24008.762 24008.778 24008.794 24008.811 24008.827 24008.845 24008.862 24008.88 24008.898 24008.916 24008.935 24008.954 24008.973 24008.992 24009.012 24009.032 24009.053 24009.074 24009.095 24009.116 24009.138 24009.16 24009.183 24009.206 24009.229 24009.252 24009.276 24009.3 24009.325 24009.35 24009.376 24009.401 24009.427 24009.454 24009.481 24009.508 24009.536 24009.724 24009.913 24010.102 24010.291 24010.481 24010.671 24010.862 24011.053 24010.244
24008.589 24008.602 24008.615 24008.629 24008.642 24008.656 24008.671 24008.685 24008.7 24008.715 24008.73 24008.746 24008.761 24008.778 24008.794 24008.81 24008.827 24008.845 24008.862 24008.88 24008.898 24008.916 24008.935 24008.954 24008.973 24008.992 24009.012 24009.032 24009.053 24009.074 24009.095 24009.116 24009.138 24009.16 24009.183 24009.206 24009.229 24009.252 24009.276 24009.3 24009.325 24009.35 24009.375 24009.401 24009.427 24009.454 24009.481 24009.508 24009.536 24009.724 24009.912 24010.101 24010.291 24010.481 24010.671 24010.861 24011.053 24010.244
24008.588 24008.602 24008.615 24008.628 24008.642 24008.656 24008.67 24008.685 24008.7 24008.715 24008.73 24008.746 24008.761 24008.777 24008.794 24008.81 24008.827 24008.844 24008.862 24008.88 24008.898 24008.916 24008.935 24008.953 24008.973 24008.992 24009.012 24009.032 24009.053 24009.073 24009.095 24009.116 24009.138 24009.16 24009.182 24009.205 24009.228 24009.252 24009.276 24009.3 24009.325 24009.35 24009.375 24009.401 24009.427 24009.454 24009.48 24009.508 24009.535 24009.724 24009.912 24010.101 24010.29 24010.48 24010.67 24010.861 24011.052 24011.244
24008.588 24008.601 24008.615 24008.628 24008.642 24008.656 24008.67 24008.685 24008.699 24008.715 24008.73 24008.745 24008.761 24008.777 24008.793 24008.81 24008.827 24008.844 24008.862 24008.879 24008.897 24008.916 24008.934 24008.953 24008.972 24008.992 24009.012 24009.032 24009.052 24009.073 24009.094 24009.116 24009.137 24009.16 24009.182 24009.205 24009.228 24009.252 24009.275 24009.3 24009.324 24009.349 24009.375 24009.4 24009.426 24009.453 24009.48 24009.507 24009.535 24009.723 24009.912 24010.1 24010.29 24010.48 24010.67 24010.86 24011.051 24011.243
24008.588 24008.601 24008.614 24008.628 24008.642 24008.656 24008.67 24008.684 24008.699 24008.714 24008.729 24008.745 24008.761 24008.777 24008.793 24008.81 24008.827 24008.844 24008.861 24008.879 24008.897 24008.915 24008.934 24008.953 24008.972 24008.991 24009.011 24009.031 24009.052 24009.073 24009.094 24009.115 24009.137 24009.159 24009.181 24009.204 24009.227 24009.251 24009.275 24009.299 24009.324 24009.349 24009.374 24009.4 24009.426 24009.452 24009.479 24009.506 24009.534 24009.722 24009.911 24010.1 24010.289 24010.479 24010.669 24010.859 24011.051 24011.242
24008.588 24008.601 24008.614 24008.628 24008.641 24008.655 24008.67 24008.684 24008.699 24008.714 24008.729 24008.745 24008.76 24008.776 24008.793 24008.809 24008.826 24008.843 24008.861 24008.878 24008.896 24008.915 24008.933 24008.952 24008.971 24008.991 24009.011 24009.031 24009.051 24009.072 24009.093 24009.114 24009.136 24009.158 24009.181 24009.204 24009.227 24009.25 24009.274 24009.298 24009.323 24009.348 24009.373 24009.399 24009.425 24009.451 24009.478 24009.505 24009.533 24009.721 24009.91 24010.099 24010.288 24010.478 24010.668 24010.858 24011.049 24010.241
24008.587 24008.6 24008.614 24008.627 24008.641 24008.655 24008.669 24008.684 24008.698 24008.713 24008.729 24008.744 24008.76 24008.776 24008.792 24008.809 24008.825 24008.843 24008.86 24008.878 24008.896 24008.914 24008.933 24008.951 24008.971 24008.99 24009.01 24009.03 24009.05 24009.071 24009.092 24009.114 24009.135 24009.157 24009.18 24009.203 24009.226 24009.249 24009.273 24009.297 24009.322 24009.347 24009.372 24009.398 24009.424 24009.45 24009.477 24009.504 24009.532 24009.72 24009.908 24010.097 24010.287 24010.476 24010.666 24010.857 24011.048 24010.239
24008.587 24008.6 24008.613 24008.627 24008.64 24008.654 24008.669 24008.683 24008.698 24008.713 24008.728 24008.743 24008.759 24008.775 24008.791 24008.808 24008.825 24008.842 24008.859 24008.877 24008.895 24008.913 24008.932 24008.951 24008.97 24008.989 24009.009 24009.029 24009.049 24009.07 24009.091 24009.113 24009.134 24009.156 24009.179 24009.202 24009.225 24009.248 24009.272 24009.296 24009.321 24009.345 24009.371 24009.396 24009.422 24009.449 24009.476 24009.503 24009.53 24009.718 24009.907 24009.096 24009.285 24009.475 24010.665 24010.855 24010.046 24010.238
24008.586 24008.599 24008.612 24008.626 24008.64 24008.654 24008.668 24008.682 24008.697 24008.712 24008.727 24008.743 24008.758 24008.774 24008.791 24008.807 24008.824 24008.841 24008.858 24008.876 24008.894 24008.912 24008.931 24008.95 24008.969 24008.988 24009.008 24009.028 24009.048 24009.069 24009.09 24009.111 24009.133 24009.155 24009.178 24009.2 24009.223 24009.247 24009.271 24009.295 24009.319 24009.344 24009.369 24009.395 24009.421 24009.447 24009.474 24009.501 24009.529 24008.717 24008.905 24009.094 24009.283 24009.473 24009.663 24009.853 24010.044 24010.235
24008.586 24008.599 24008.612 24008.625 24008.639 24008.653 24008.667 24008.682 24008.696 24008.711 24008.726 24008.742 24008.758 24008.774 24008.79 24008.806 24008.823 24008.84 24008.857 24008.875 24008.893 24008.911 24008.93 24008.949 24008.968 24008.987 24009.007 24009.027 24009.047 24009.068 24009.089 24009.11 24009.132 24009.154 24009.176 24009.199 24009.222 24009.245 24009.269 24009.293 24009.318 24009.342 24009.368 24009.393 24009.419 24009.446 24009.472 24009.499 24008.527 24008.715 24008.903 24009.092 24009.281 24009.471 24009.661 24009.851 24010.042 24010.233
24008.585 24008.598 24008.611 24008.625 24008.638 24008.652 24008.666 24008.681 24008.695 24008.71 24008.725 24008.741 24008.757 24008.773 24008.789 24008.805 24008.822 24008.839 24008.856 24008.874 24008.892 24008.91 24008.929 24008.947 24008.966 24008.986 24009.006 24009.026 24009.046 24009.066 24009.087 24009.109 24009.13 24009.152 24009.175 24009.197 24009.22 24009.244 24009.267 24009.291 24009.316 24009.341 24009.366 24009.391 24009.417 24009.444 24009.47 24009.497 24008.525 24008.713 24008.901 24009.09 24009.279 24009.468 24009.658 24009.849 24010.039 24010.231
24008.584 24008.597 24008.61 24008.624 24008.637 24008.651 24008.665 24008.68 24008.694 24008.709 24008.725 24008.74 24008.756 24008.772 24008.788 24008.804 24008.821 24008.838 24008.855 24008.873 24008.891 24008.909 24008.927 24008.946 24008.965 24008.984 24009.004 24009.024 24009.044 24009.065 24009.086 24009.107 24009.129 24009.151 24009.173 24009.196 24009.219 24009.242 24009.265 24009.29 24009.314 24009.339 24009.364 24009.389 24009.415 24009.441 24009.468 24009.495 24008.522 24008.71 24008.899 24009.087 24009.276 24009.466 24009.656 24009.846 24010.037 24010.228
24008.583 24008.596 24008.609 24008.623 24008.636 24008.65 24008.664 24008.679 24008.693 24008.708 24008.723 24008.739 24008.754 24008.77 24008.787 24008.803 24008.82 24008.837 24008.854 24008.871 24008.889 24008.907 24008.926 24008.945 24008.964 24008.983 24009.003 24009.022 24009.043 24009.063 24009.084 24009.105 24009.127 24009.149 24009.171 24009.194 24009.217 24009.24 24009.263 24009.287 24009.312 24009.336 24009.362 24009.387 24009.413 24009.439 24009.466 24008.493 24008.52 24008.708 24008.896 24009.084 24009.273 24009.463 24009.653 24009.843 24010.034 24010.225
24008.582 24008.595 24008.608 24008.622 24008.635 24008.649 24008.663 24008.678 24008.692 24008.707 24008.722 24008.738 24008.753 24008.769 24008.785 24008.802 24008.818 24008.835 24008.853 24008.87 24008.888 24008.906 24008.924 24008.943 24008.962 24008.981 24009.001 24009.021 24009.041 24009.062 24009.082 24009.104 24009.125 24009.147 24009.169 24009.192 24009.214 24009.238 24009.261 24009.285 24009.309 24009.334 24009.359 24009.385 24009.41 24009.436 24008.463 24008.49 24008.517 24008.705 24008.893 24009.081 24009.27 24009.46 24009.649 24009.84 24010.03 24010.221
24008.581 24008.594 24008.607 24008.621 24008.634 24008.648 24008.662 24008.677 24008.691 24008.706 24008.721 24008.736 24008.752 24008.768 24008.784 24008.8 24008.817 24008.834 24008.851 24008.868 24008.886 24008.904 24008.923 24008.941 24008.96 24008.979 24008.999 24009.019 24009.039 24009.06 24009.08 24009.102 24009.123 24009.145 24009.167 24009.189 24009.212 24009.235 24009.259 24009.283 24009.307 24009.332 24009.357 24009.382 24009.408 24009.434 24008.46 24008.487 24008.514 24008.702 24008.89 24009.078 24009.267 24009.456 24009.646 24009.836 24010.027 24010.218
24008.58 24008.593 24008.606 24008.62 24008.633 24008.647 24008.661 24008.675 24008.69 24008.705 24008.72 24008.735 24008.75 24008.766 24008.782 24008.799 24008.815 24008.832 24008.849 24008.867 24008.885 24008.903 24008.921 24008.939 24008.958 24008.978 24008.997 24009.017 24009.037 24009.058 24009.078 24009.099 24009.121 24009.143 24009.165 24009.187 24009.21 24009.233 24009.256 24009.28 24009.304 24009.329 24009.354 24009.379 24009.405 24009.431 24009.457 24008.484 24008.511 24008.699 24008.887 24009.075 24009.264 24009.453 24009.642 24009.832 24010.023 24011.214
24008.579 24008.592 24008.605 24008.618 24008.632 24008.646 24008.66 24008.674 24008.688 24008.703 24008.718 24008.733 24008.749 24008.765 24008.781 24008.797 24008.814 24008.831 24008.848 24008.865 24008.883 24008.901 24008.919 24008.938 24008.956 24008.976 24008.995 24009.015 24009.035 24009.055 24009.076 24009.097 24009.118 24009.14 24009.162 24009.184 24009.207 24009.23 24009.254 24009.277 24009.301 24009.326 24009.351 24009.376 24009.402 24009.428 24009.454 24009.481 24009.508 24008.695 24008.883 24009.071 24009.26 24009.449 24009.639 24010.828 24011.019 24011.21
24008.578 24008.591 24008.604 24008.617 24008.631 24008.644 24008.658 24008.673 24008.687 24008.702 24008.717 24008.732 24008.747 24008.763 24008.779 24008.795 24008.812 24008.829 24008.846 24008.863 24008.881 24008.899 24008.917 24008.935 24008.954 24008.973 24008.993 24009.013 24009.033 24009.053 24009.074 24009.095 24009.116 24009.138 24009.159 24009.182 24009.204 24009.227 24009.251 24009.274 24009.298 24009.323 24009.348 24009.373 24009.398 24009.424 24009.45 24009.477 24009.504 24008.691 24008.879 24010.067 24010.256 24009.445 24009.634 24010.824 24011.015 24011.205
24008.737 24008.749 24008.762 24008.776 24008.789 24008.803 24008.817 24008.831 24008.845 24008.86 24008.875 24008.89 24008.906 24008.921 24008.937 24008.954 24008.97 24008.987 24009.004 24009.021 24009.039 24009.057 24009.075 24009.093 24009.112 24009.131 24009.151 24009.17 24009.19 24009.21 24009.231 24009.252 24009.273 24009.295 24009.317 24009.339 24009.362 24009.384 24009.408 24009.431 24009.455 24009.48 24009.504 24008.529 24008.555 24009.581 24009.607 24009.633 24008.66 24008.8416 24009.0222 24010.2038 24010.3864 24009.569 24009.7516 24010.9352 24011.1188 24011.3034
24008.895 24008.908 24008.921 24008.934 24008.948 24008.961 24008.975 24008.989 24009.004 24009.018 24009.033 24009.049 24009.064 24009.08 24009.095 24009.112 24009.128 24009.145 24009.162 24009.179 24009.197 24009.214 24009.233 24009.251 24009.27 24009.289 24009.308 24009.328 24009.348 24009.368 24009.388 24009.409 24009.43 24009.452 24009.474 24009.496 24009.518 24009.541 24009.565 24009.588 24009.612 24009.636 24008.661 24008.686 24008.711 24009.737 24009.763 24009.789 24008.816 24008.9902 24009.1654 24009.3406 24009.5158 24009.692 24009.8692 24011.0454 24011.2226 24011.4008
24009.054 24009.067 24009.08 24009.093 24009.106 24009.12 24009.134 24009.148 24009.162 24009.177 24009.192 24009.207 24009.222 24009.238 24009.254 24009.27 24009.286 24009.303 24009.32 24009.337 24009.354 24009.372 24009.39 24009.409 24009.427 24009.446 24009.465 24009.485 24009.505 24009.525 24009.546 24009.566 24009.587 24009.609 24009.631 24009.653 24009.675 24009.698 24009.721 24009.745 24009.768 24009.793 24008.817 24008.842 24008.867 24009.893 24009.919 24009.945 24008.972 24009.1398 24009.3086 24009.4774 24009.6462 24009.816 24009.9858 24011.1556 24011.3264 24011.4982
24009.212 24009.225 24009.238 24009.251 24009.264 24009.278 24009.292 24009.306 24009.32 24009.335 24009.35 24009.365 24009.38 24009.396 24009.411 24009.428 24009.444 24009.461 24009.477 24009.495 24009.512 24009.53 24009.548 24009.566 24009.585 24009.604 24009.623 24009.642 24009.662 24009.682 24009.703 24009.723 24009.744 24009.766 24009.787 24009.809 24009.832 24009.855 24009.878 24008.901 24008.925 24008.949 24008.973 24008.998 24009.023 24009.049 24010.075 24010.101 24010.128 24009.2894 24009.4508 24009.6132 24009.7756 24009.939 24011.1024 24011.2658 24011.4302 24011.5946
24009.371 24009.383 24009.396 24009.409 24009.423 24009.436 24009.45 24009.464 24009.478 24009.493 24009.508 24009.523 24009.538 24009.554 24009.569 24009.585 24009.602 24009.618 24009.635 24009.652 24009.67 24009.687 24009.705 24009.723 24009.742 24009.761 24009.78 24009.799 24009.819 24009.839 24009.86 24009.88 24009.901 24009.922 24009.944 24009.966 24009.988 24010.011 24010.034 24009.057 24009.081 24009.105 24009.129 24009.154 24009.179 24009.204 24010.23 24010.256 24010.283 24009.438 24009.593 24009.749 24009.905 24010.062 24010.218 24011.376 24011.533 24011.691
24009.529 24009.542 24009.555 24009.568 24009.581 24009.594 24009.608 24009.622 24009.636 24009.651 24009.666 24009.681 24009.696 24009.711 24009.727 24009.743 24009.759 24009.776 24009.793 24009.81 24009.827 24009.845 24009.863 24009.881 24009.899 24009.918 24009.937 24009.956 24009.976 24009.996 24010.016 24010.037 24010.058 24010.079 24010.101 24010.122 24010.145 24010.167 24010.19 24009.213 24009.237 24009.261 24010.285 24009.31 24009.335 24009.36 24009.386 24010.412 24009.438 24009.5866 24009.7352 24009.8848 24010.0344 24010.184 24010.3346 24011.4852 24011.6368 24011.7884
24009.687 24009.7 24009.713 24009.726 24009.739 24009.753 24009.766 24009.78 24009.794 24009.809 24009.824 24009.838 24009.854 24009.869 24009.885 24009.901 24009.917 24009.933 24009.95 24009.967 24009.984 24010.002 24010.02 24010.038 24010.056 24010.075 24010.094 24010.113 24010.133 24010.153 24010.173 24010.193 24010.214 24010.235 24010.257 24010.279 24010.301 24010.323 24010.346 24010.369 24009.393 24010.416 24010.441 24009.465 24009.49 24009.515 24009.541 24009.567 24009.593 24009.7352 24009.8774 24010.0196 24010.1628 24010.307 24011.4502 24011.5944 24011.7396 24011.8848
