circuitscape_calculations/circuitscape/resistance.asc
NCOLS 600 
NROWS 600 
XLLCORNER 273957 
YLLCORNER 65907 
CELLSIZE 1 
NODATA_value -9999 
[rows 52 to 77 of 600, columns 522 to 579 of 600]
4766.155 4766.039 4765.924 4765.811 4773.619 4773.507 4773.397 4773.288 5683.43 6775.074 8064.718 9560.944 11297.09 13279.738 15526.387 18053.536 20877.687 24015.339 24015.242 24014.146 24014.051 24021.877 24021.784 24021.692 24021.601 24021.601 24021.692 24021.784 24021.877 24021.971 24014.146 24014.242 24014.339 24014.437 24015.536 24015.637 24015.738 24015.84 24015.944 24016.048 22200.655 20713.024 19552.88 18221.468 17049.316 16205.366 15696.714 15526.674 14842.947 13979.614 13455.972 13280.39 13280.51 13456.331 13980.211 14843.784 15528.75 15698.779
4766.155 4766.039 4765.924 4765.811 4773.619 4773.507 4773.397 5683.538 6112.684 7061.076 8293.81 9761.761 11482.111 13455.438 15696.54 18220.527 21043.119 24015.339 24015.242 24014.146 24014.051 24021.877 24021.784 24021.692 24021.601 24021.601 24021.692 24021.784 24021.877 24021.971 24014.146 24014.242 24014.339 24015.437 24015.536 24015.637 24014.738 24014.84 23684.941 21539.741 19718.646 18221.251 17049.097 16036.824 14843.495 13980.158 13456.511 13280.924 12927.768 12031.883 11482.543 11297.64 11297.76 11482.902 12031.48 12927.605 13282 13457.576
4766.155 4766.039 4765.924 4765.811 4773.619 4773.507 4773.397 5683.538 6775.18 7828.752 8948.946 10350.424 12030.568 13979.197 16205.304 18720.702 21539.13 24015.339 24015.242 24014.15 24014.058 24021.887 24021.797 24021.707 24021.618 24021.601 24021.692 24021.784 24021.877 24021.971 24014.146 24014.242 24014.339 24014.437 24015.536 24015.637 24014.738 23684.837 21538.637 19386.491 17552.279 16036.607 14843.276 13979.936 12927.316 12031.427 11483.082 11298.174 11298.289 10352.635 9763.089 9562.39 9562.51 9763.448 10352.232 11299.126 11299.25 11484.147
4766.155 4766.039 4765.924 4765.811 4765.699 4765.587 4765.477 5675.618 6767.26 8056.904 9561.048 11297.194 12926.572 14842.653 17048.378 19552.064 22365.085 24015.362 24014.267 24014.174 24014.081 24021.909 24021.818 24021.727 24021.638 24021.618 24021.707 24021.797 24021.887 24021.978 24022.07 24014.242 24014.339 24014.437 24015.536 24015.637 23685.735 21539.533 19386.387 17552.173 15697.057 14153.29 12927.097 12031.205 11297.837 10352.179 9763.628 9562.924 9563.039 8943.133 8287.114 8058.14 8058.26 8287.473 8942.73 9563.876 9564 9764.693
4766.155 4766.039 4765.924 4765.811 4765.699 4765.587 4765.477 5675.626 6767.275 8056.924 9561.073 11297.223 13279.873 15526.524 18053.675 20712.342 23520.472 24014.384 24014.289 24014.194 24014.101 24021.928 24021.836 24021.744 24021.654 24021.638 24021.727 24021.818 24021.909 24022.001 24022.094 24014.267 24014.362 24014.457 24015.552 24015.649 21539.438 19386.286 17552.069 15696.951 14153.184 12570.968 11297.618 10351.957 9763.404 8942.677 8287.653 8058.674 8058.789 7822.833 7054.274 6768.39 6768.51 7054.633 7822.43 8059.626 8059.75 8288.718
4766.155 4766.039 4765.931 4765.828 4765.724 4765.62 5676.766 6105.916 7054.31 8287.046 9762.919 11482.27 13455.598 15696.7 18220.689 21043.281 24015.5 24014.403 24014.307 24015.211 24014.117 24014.023 24021.85 24021.759 24021.668 24021.654 24021.744 24021.836 24021.928 24022.021 24022.114 24014.289 24014.384 24014.481 24015.578 22200.176 19718.266 17551.998 15696.876 14153.103 12570.882 11297.525 9961.565 8942.455 8287.429 7822.377 7054.813 6768.924 6769.039 6769.155 6105.776 5676.64 5676.76 6106.135 6768.752 6769.876 6770 7055.878
4766.189 4767.084 4765.977 4765.869 4765.761 4765.654 5676.797 6768.44 7822.012 8942.207 10351.604 12030.749 13979.377 16205.483 18720.881 21539.308 24015.516 24015.418 24014.321 24015.225 24014.129 24014.035 24021.862 24021.77 24021.678 24021.668 24021.759 24021.85 24021.943 24022.037 24022.131 24014.307 24014.403 24014.5 23519.59 20712.462 18220.788 16036.245 14153.029 12570.81 11297.454 9961.497 8942.39 7822.194 7054.622 6768.724 6106.332 5677.181 5677.289 5677.405 5676.522 4766.39 4766.51 5676.881 5677.002 5678.126 5678.25 6107.38
4766.234 4767.123 4766.011 4765.899 4765.789 5675.928 6106.073 7054.463 8287.195 9763.063 11297.391 12926.765 14842.84 17048.558 19552.24 22365.255 24015.527 24015.429 24015.331 24015.234 24014.139 24014.044 24021.87 24021.778 24021.686 24021.678 24021.77 24021.862 24021.955 24022.049 24022.145 24014.321 24014.418 24014.516 22199.116 19551.227 17048.545 14842.826 12926.75 11297.374 9961.418 8942.312 7822.118 7054.549 6106.158 5677.011 5677.119 4766.977 4767.084 4766.189 4766.292 4766.39 4766.51 4766.631 4766.752 4767.876 4768 5678.126
4766.262 4767.147 4767.032 4765.918 5676.055 6106.198 7054.585 7822.151 8942.342 10351.737 12030.878 13979.504 16036.288 18220.828 20712.499 23520.625 24015.534 24015.435 24015.337 24015.24 24014.144 24014.049 24021.875 24021.782 24021.69 24021.686 24021.778 24021.87 24021.964 24022.059 24022.154 24014.331 24014.429 23519.518 20711.391 18219.719 16036.176 13979.391 12030.764 10351.621 8942.224 7822.031 7054.463 6106.073 5676.928 4766.789 4766.899 4767.011 4767.123 4766.234 4766.345 4766.453 4766.557 4766.651 4767.752 4767.876 4768 4767.876
4766.272 4767.155 5677.289 5676.174 6105.315 7054.701 7822.265 8942.455 9961.557 11297.51 12926.883 14842.956 17048.673 19552.352 22200.239 24015.637 24015.536 24015.437 24015.339 24015.242 24014.146 24014.051 24021.877 24021.784 24021.692 24021.69 24021.782 24021.875 24021.969 24022.064 24022.16 24014.337 24014.435 22364.162 19551.146 17047.464 14841.745 12926.67 11297.295 9762.967 8287.099 7054.366 6105.977 5676.833 4766.694 4766.805 4766.918 4767.032 4767.147 4766.262 4766.379 4766.495 4766.611 4766.724 4767.824 4767.876 4768 4767.876
4766.272 5676.405 6106.543 6768.924 7054.813 7822.377 8942.565 9961.666 11297.618 12570.968 14153.184 16036.395 18220.935 20712.604 23520.729 24015.637 24015.536 24014.437 24014.339 24015.242 24014.146 24014.051 24021.877 24021.784 24021.692 24021.692 24021.784 24021.877 24021.971 24022.066 24022.162 24014.339 24014.437 21538.229 18719.803 16204.405 13979.299 12030.672 10351.528 8942.132 7821.938 6768.368 5676.727 4766.587 4766.699 4766.811 4766.924 4767.039 4767.155 4767.272 4766.39 4766.51 4766.631 4766.752 4767.876 4768 4768 4767.876
5676.522 6105.659 7055.041 7822.602 8287.653 8942.677 9961.776 11297.727 12571.076 14153.29 15697.057 17552.173 19718.436 22200.341 24015.738 24015.637 24015.536 24014.437 24014.339 24015.242 24014.146 24014.051 24021.877 24021.784 24021.692 24021.692 24021.784 24021.877 24021.971 24022.066 24022.162 24014.339 24014.437 21042.218 18219.628 15695.641 13455.54 11482.215 9762.865 8286.996 7054.262 6105.872 5676.727 4766.587 4766.699 4766.811 4766.924 4767.039 4767.155 4767.272 4766.39 4766.51 4766.631 4766.752 4767.876 4768 4767.876 4767.824
6768.272 7054.157 7822.717 8942.902 9763.628 10352.179 11297.837 12571.185 14153.398 15697.163 17552.279 19386.491 21539.637 24015.84 24015.738 24015.637 24015.536 24014.437 24014.339 24015.242 24014.146 24014.051 24021.877 24021.784 24021.692 24021.692 24021.784 24021.877 24021.971 24022.066 24022.162 24022.259 23519.428 20711.3 18052.637 15525.488 13279.84 11297.194 9562.048 8057.904 6768.26 5676.618 4766.477 4766.587 4766.699 4766.811 4766.924 4767.039 4767.155 4767.272 4766.39 4766.51 4766.631 4766.752 4767.876 4768 4767.876 4767.752
7821.95 8286.997 8943.017 9962.113 11298.061 12031.427 12927.316 14153.507 15697.271 17552.385 19386.597 21539.741 23685.941 24015.84 24015.738 24015.637 24015.536 24014.437 24014.339 24014.242 24014.146 24014.051 24021.877 24021.784 24021.692 24021.692 24021.784 24021.877 24021.971 24022.066 24022.162 24022.259 22364.065 19551.048 17047.366 14841.646 12926.569 11297.194 9562.048 8057.904 6768.26 5676.618 4766.477 4766.587 4766.699 4766.811 4766.924 4767.039 4767.155 4767.272 4766.39 4766.51 4766.631 4766.752 4767.876 4768 4767.876 4767.752
8942.25 9763.972 10352.519 11298.174 12571.519 13980.158 14843.495 16036.824 17552.493 19386.703 21539.847 23686.045 24015.944 24015.84 24015.738 24015.637 24015.536 24015.437 24014.339 24014.242 24014.15 24014.058 24021.887 24021.797 24021.707 24021.692 24021.784 24021.877 24021.971 24022.066 24022.162 24022.259 21538.13 18719.702 16204.304 13978.197 12030.568 10351.424 8942.026 7821.832 6768.26 5676.618 4766.477 4766.587 4766.699 4766.811 4766.924 4767.039 4767.155 4766.272 4766.39 4766.51 4766.631 4766.752 4766.876 4768 4767.876 4767.752
10351.752 11298.405 12031.767 12927.653 14153.841 15697.602 17049.316 18221.468 19718.86 21539.953 23686.151 24016.048 24015.944 24015.843 24015.745 24015.649 24015.552 24015.457 24015.362 24015.267 24014.174 24014.081 24013.989 24021.818 24021.727 24021.692 24021.784 24021.877 24021.971 24022.066 24022.162 24022.259 21042.119 18219.527 15695.54 13454.438 11482.111 9762.761 8286.89 7053.156 6104.764 5676.618 4766.477 4766.587 4766.699 4766.811 4766.924 4767.039 4766.155 4766.272 4766.39 4766.51 4766.631 4766.752 4766.876 4768 4767.876 4767.752
12031 12927.884 13980.498 14843.832 16037.158 17552.824 19387.03 20713.241 22200.877 24016.275 24016.174 24016.073 24015.973 24015.873 24015.774 24015.675 24015.578 24015.481 24015.384 24015.289 24014.194 24014.101 24014.008 24021.836 24021.744 24021.692 24021.784 24021.877 24021.971 24022.066 24022.162 24022.259 20876.687 18052.536 15525.387 13278.738 11297.09 9561.944 8057.798 6767.154 5675.51 4766.368 4766.477 4766.587 4766.699 4766.811 4766.924 4767.039 4766.155 4766.272 4766.39 4766.51 4766.631 4766.752 4766.876 4767 4766.876 4767.752
13980.731 14844.063 16037.386 17049.66 18221.819 19719.216 21540.313 23521.507 24016.412 24016.308 24016.204 24016.102 24015.999 24015.898 24015.797 24015.698 24015.599 24014.5 24015.403 24015.307 24015.211 24014.117 24014.023 24013.93 24013.839 24013.772 24013.864 24013.957 24014.051 24014.146 24014.242 24014.339 20876.687 18052.536 15525.387 13279.738 11297.09 9561.944 8057.798 6768.154 5676.51 4766.368 4766.477 4766.587 4766.699 4766.811 4765.924 4766.039 4766.155 4766.272 4766.39 4766.51 4766.631 4766.752 4766.876 4767 4766.876 4766.752
16206.959 17049.918 18222.075 19553.489 20713.633 22201.262 24016.654 24016.547 24016.44 24016.334 24016.229 24016.124 24016.021 24015.918 24015.816 24015.715 24015.615 24014.516 24015.418 24015.321 24015.225 24014.129 24014.035 24013.942 24013.85 24013.772 24013.864 24013.957 24014.051 24014.146 24014.242 24014.339 20876.687 18052.536 15525.387 13278.738 11296.09 9560.944 8057.798 6768.154 5676.51 4766.368 4766.477 4766.587 4766.699 4765.811 4765.924 4766.039 4766.155 4766.272 4766.39 4766.51 4766.631 4766.752 4766.876 4767 4766.876 4766.752
18722.511 19553.746 20713.887 22201.512 23521.89 24016.789 24016.678 24016.569 24016.461 24016.353 24016.246 24016.141 24016.036 24015.932 24015.829 24015.728 24015.627 24015.527 24015.429 24015.331 24015.234 24015.139 24014.044 24013.95 24013.858 24013.772 24013.864 24013.957 24014.051 24014.146 24014.242 24014.339 20876.687 18052.536 15525.387 13278.738 11296.09 9560.944 8056.798 6767.154 5676.51 4766.368 4766.477 4766.587 4766.699 4765.811 4765.924 4766.039 4766.155 4766.272 4766.39 4766.51 4766.631 4766.752 4766.876 4767 4766.876 4766.752
21541.072 22366.89 23522.138 24017.032 24016.918 24016.805 24016.694 24016.583 24016.473 24016.364 24016.257 24016.15 24016.045 24015.941 24015.837 24015.735 24015.634 24015.534 24015.435 24015.337 24015.24 24015.144 24014.049 24013.955 24013.862 24021.692 24021.784 24021.877 24021.971 24022.066 24022.162 24022.259 20876.687 18052.536 15525.387 13278.738 11296.09 9560.944 8056.798 6767.154 5675.51 4766.368 4766.477 4766.587 4766.699 4766.811 4765.924 4766.039 4766.155 4766.272 4766.39 4766.51 4766.631 4766.752 4766.876 4767 4766.876 4766.752
24017.39 24017.272 24017.155 24017.039 24016.924 24016.811 24016.699 24016.587 24016.477 24016.368 24016.26 24016.154 24016.048 24014.944 24014.84 24015.738 24015.637 24015.536 24015.437 24015.339 24015.242 24014.146 24014.051 24021.877 24021.784 24021.692 24021.784 24021.877 24021.971 24022.066 24022.162 24022.259 21050.039 18219.527 15695.54 13454.438 11481.111 9761.761 8285.89 7053.156 6104.764 5676.618 4766.477 4766.587 4766.699 4766.811 4766.924 4766.039 4766.155 4766.272 4766.39 4766.51 4766.631 4766.752 4766.876 4767 4766.876 4766.752
24017.39 24017.272 24017.155 24017.039 24016.924 24016.811 24016.699 24016.587 24016.477 24016.368 24016.26 24016.154 24015.048 24014.944 24014.84 24015.738 24015.637 24015.536 24015.437 24015.339 24015.242 24014.146 24014.051 24021.877 24021.784 24021.692 24021.784 24021.877 24021.971 24022.066 24022.162 24022.259 21546.05 18719.702 16204.304 13978.197 12029.568 10350.424 8941.026 7820.832 6767.26 5676.618 4766.477 4766.587 4766.699 4766.811 4766.924 4767.039 4766.155 4766.272 4766.39 4766.51 4766.631 4766.752 4766.876 4767 4766.876 4766.752
24017.39 24017.272 24017.155 24017.039 24016.924 24016.811 24016.699 24016.587 24016.477 24016.368 24016.26 24016.154 24016.048 24014.944 24014.84 24014.738 24014.637 24014.536 24014.437 24015.339 24015.242 24014.146 24014.051 24021.877 24021.784 24021.692 24021.784 24021.877 24021.971 24022.066 24022.162 24022.259 22371.985 19551.048 17047.366 14841.646 12925.569 11296.194 9561.048 8056.904 6768.26 5676.618 4766.477 4766.587 4766.699 4766.811 4766.924 4767.039 4767.155 4767.272 4766.39 4766.51 4766.631 4766.752 4766.876 4767 4766.876 4766.752
24017.39 24017.272 24017.155 24017.039 24016.924 24016.811 24016.699 24016.587 24016.477 24016.368 24015.26 24015.154 24015.048 24014.944 24014.84 24014.738 24014.637 24014.536 24014.437 24014.339 24015.242 24014.146 24014.051 24021.877 24021.784 24021.692 24021.784 24021.877 24021.971 24022.066 24022.162 24022.259 23527.348 20711.3 18052.637 15525.488 13278.84 11296.194 9561.048 8056.904 6768.26 5676.618 4766.477 4766.587 4766.699 4766.811 4766.924 4767.039 4767.155 4767.272 4766.39 4766.51 4766.631 4766.752 4766.876 4767 4766.876 4767.752
24017.39 24017.272 24017.155 24017.039 24016.924 24016.811 24016.699 24015.587 24015.477 24015.368 24015.26 24015.154 24015.048 24014.944 24014.84 24014.738 24014.637 24014.536 24014.437 24014.339 24014.242 24014.146 24014.051 24021.877 24021.784 24021.707 24021.797 24021.887 24021.978 24022.07 24022.162 24022.259 24022.357 21042.218 18219.628 15695.641 13454.54 11481.215 9761.865 8286.996 7054.262 6105.872 5676.727 4766.587 4766.699 4766.811 4766.924 4767.039 4767.155 4767.272 4766.39 4766.51 4766.631 4766.752 4766.876 4767 4766.876 4766.752
