circuitscape_calculations/circuitscape/resistance.asc
NCOLS 600 
NROWS 600 
XLLCORNER 273957 
YLLCORNER 65907 
CELLSIZE 1 
NODATA_value -9999 
[rows 416 to 441 of 600, columns 290 to 347 of 600]
3347787.443 3344028.734 3334100.537 3308335.687 3273127.44 3226390.091 3168955.04 3103513.484 3032257.834 2901621.15 2819554.726 596074.092 595848 518287.154 598137.463 597870.923 518758.978 529147.447 627309.985 629799.288 661380.225 638343.366 636737.238 664914.275 760984.34 766957.054 776756.335 727539.378 808247.883 705324.602 638454.646 620669.413 618771.092 621552.953 626854.359 632094.279 631597.007 635494.705 638638.08 642655.105 648538.988 714171.903 860679.414 864826.817 868878.788 872953.144 876948.537 695426.39 440884.883 334031.883 480364.448 304258.721 244155.88 273687.435 350081.134 345744.176 365731.736 584461.289
3144788.62 3140069.841 3129910.417 3107938.676 3075657.106 3035081.882 2984008.037 2925823.973 2811460.726 2744192.919 2672401.849 598245.05 598109.08 521867.72 523209.371 614567.812 650379.754 767696.922 659687.433 744925.129 660261.588 668693.055 797931.495 750998.852 755055.869 756696.256 762773.674 656349.413 694539.129 775602.601 619398.966 609275.68 612880.713 612192.616 617263.689 622013.664 620884.42 627021.696 627692.384 630198.643 634193.924 643081.085 854170.891 858464.338 862190.25 865944.308 869645.46 600464.848 525431.686 493956.469 490965.569 325086.102 254079.569 273023.874 269708.671 343015.409 364141.012 592942.695
3109422.254 3100802.292 3088309.793 3063309.417 3032144.29 2992241.348 2943900.696 2838924.321 2781304.426 2717236.879 2650993.973 603510.593 600490.438 603060.036 534423.152 533528.756 762333.607 767288.098 747246.825 624512.806 759201.634 702574.377 782216.024 756076.757 746712.346 657415.362 631429.684 633737.725 605312.002 763225.385 651131.387 601608.878 616811.173 607504.381 609163.784 610452.66 610705.817 616229.44 619104.135 619295.524 621324.62 625883 696426.872 853770.811 857251.865 860781.279 864271.949 567933.348 535032.579 511886.646 501767.66 328652.138 254413.591 240736.985 269063.755 340191.893 344525.038 602358.918
3019819.097 3008714.039 2993730.047 2968758.371 2937750.599 2899332.859 2802887.362 2753124.734 2699333.333 2639466.914 2577452 605648.143 615339.306 618469.847 650956.624 671340.508 674026.533 768538.12 779724.632 682464.062 765034.808 877798.785 775666.069 781187.562 753255.932 613910.813 615895.69 581780.452 593938.335 588960.965 764920.09 646244.652 609747.257 612365.537 600444.23 601551.588 601436.303 605910.703 608360.521 608139.596 609639.505 611844.476 620881.088 850700.781 854020.814 857229.944 860297.201 645008.751 544355.814 515839.156 515186.746 512538.509 284600.954 241603.543 269087.958 337621.972 336383.196 612576.923
2901772.938 2889660.598 2873985.629 2850466.722 2820150.886 2732944.413 2691033.046 2644428.181 2594097.814 2540418.206 2483444.05 646039.429 617564.635 651128.142 752595.193 757142.754 673459.801 713645.847 777787.237 851076.652 767384.088 798222.673 667191.124 644004.149 804608.776 613435.358 583033.044 436944.585 433051.243 399416.282 605233.232 768895.712 644080.463 591492.179 591901.701 594060.181 594734.403 596181.6 598150.789 597558.675 412826.252 600190.567 602005.762 627643.308 851293.98 854265.36 857273.042 651950.338 554599.76 533969.703 525328.949 525122.915 273650.829 242664.23 245884.301 264499.727 334070.826 623768.048
2848710.01 2833935.738 2816449.299 2790525.616 2760341.343 2673573.775 2632881.626 2588311.586 2540622.987 2488289.738 2434318.961 647554.043 744495.73 748114.235 754607.238 765305.812 861361.518 781215.164 752363.664 847912.765 665457.903 651724.975 643691.061 768438.898 740308.277 628950.308 443221.12 390952.127 388496.606 401732.517 413457.331 767481.486 638665.126 584001.009 583832.402 585606.318 587319.159 587517.958 416730.5 412527.567 354230.767 589392.501 590843.239 594228.203 672104.797 853016.335 659675.425 660116.246 565927.589 540501.69 538790.314 538875.212 339543.243 250431.505 236085.51 263831.005 329757.228 422925.639
2807250.075 2790074.782 2770104.943 2743177.353 2661323.896 2625775.871 2585585.56 2541890.981 2495456.802 2444734.65 2392362.278 738019.382 744459.8 748067.542 760407.158 852761.409 858664.735 872287.976 845705.777 678549.464 643324.547 653437.264 670271.161 731250.501 739488.825 742972.23 448745.407 381944.492 379224.533 399835.503 412174.81 629463.556 774232.725 591068.784 578303.175 582244.561 583762.165 578687.987 362847.003 340385.817 353525.113 404858.318 580244.253 581594.808 606645.322 853464.925 668756.064 669543.239 578394.482 554512.499 553083.389 553362.864 553804.315 243989.679 239302.341 263222.361 260228.01 332925.243
2750579.769 2731864.356 2710407.287 2632430.804 2601270.513 2566130.463 2526149.878 2482882.504 2437076.183 2388866.341 2338437.685 655989.447 659306.939 755721.8 844595.637 850263.716 856077.834 869395.049 772776.236 592310.775 753112.963 729437.916 727483.829 730757.424 731041.896 572905.283 561810.539 394979.831 392561.739 370365.591 411021.17 593199.281 773254.099 631639.798 586292.738 574694.423 575897.231 415844.339 362205.997 356267.273 404320.3 569463.447 570084.893 570704.273 579088.399 855604.043 679064.796 680263.778 591876.315 569172.247 568077.005 568809.264 347144.637 247262.604 333284.925 242950.529 259564.873 323901.018
2739181.391 2717558.061 2642923.673 2613520.489 2581084.232 2544484.338 2503907.091 2460540.438 2415052.315 2366302.278 2316517.738 741589.54 663114.234 746424.497 842263.331 847859.139 853599.421 866636.043 649272.206 769463.413 746002.926 728872.777 727125.68 730465.455 613362.04 564846.983 566890.467 568087.064 435704.718 446989.237 486994.413 486875.651 773555.173 780940.513 629732.353 583599.095 568405.105 413567.301 362112.331 404210.972 560108.026 560473.724 560607.644 560747.582 561611.964 653469.365 690495.019 637587.818 589047.625 584884.922 584411.908 585772.29 353191.486 255623.916 267817.7 263420.372 259878.285 319641.416
2739352.136 2663893.546 2637741.205 2606074.831 2571341.065 2532935.775 2491144.172 2446845.453 2400710.433 2351559.6 2301408.155 659406.152 677540.361 683794.149 840016.285 845545.688 851227.106 672736.785 712636.278 710779.381 723066.644 721422.345 726944.362 722994.034 580576.275 569658.974 440999.101 569880.885 588043.482 436426.122 594105.96 767308.482 774125.346 781828.461 788735.139 630160.268 561263.525 556331.374 409278.156 404263.941 551681.614 551610.614 551601.437 551445.03 551493.052 396814.658 702739.202 652540.254 600176.187 600323.623 602126 604033.049 360025.219 254684.14 241730.353 263761.65 260370.334 256773.787
2682642.804 2656032.649 2627149.248 2593451.139 2556270.549 2516133.224 2472553.904 2426710.43 2379249.526 2330093.854 2279637.436 591316.021 593170.521 736514.083 837836.202 843320.589 772161.347 740350.928 733138.703 710676.566 722795.938 721375.833 717613.906 720024.322 574267.388 574673.651 577320.324 440560.997 582030.771 585074.512 638726.665 768468.014 775383.62 783259.677 790354.822 799723.743 572178.134 554813.522 549224.487 544593.879 544280.961 543331.023 543277.99 542669.284 542280.016 385779.67 486195.181 668833.173 622835.23 620357.827 622846.184 623498.075 625979.282 365002.843 242883.269 325039.3 260820.272 238340.069
2712633.272 2681990.454 2649391.213 2611528.005 2571292.524 2527960.021 2481820.15 2433899.495 2384764.125 2333423.256 2281718.13 534929.515 702763.77 732726.801 737429.956 718530.325 817473.434 740052.946 712110.915 710683.846 743709.655 714666.209 717057.914 616800.311 589397.649 590291.82 582675.6 595803.708 441373.813 639449.514 763129.468 770034.085 777349.306 785213.914 792550.186 802121.757 624621.741 566986.299 548180.162 539838.634 536936.497 535659.875 534979.501 534438.392 533658.689 382483.36 343080.846 686505.098 641830.294 640287.632 643200.638 644626.824 647479.495 372698.893 245437.185 265244.433 167253.083 146692.278
2755999.75 2720762.881 2683528.407 2641503.844 2597164.41 2550097.435 2500674.969 2449765.901 2397984.804 2344309.117 2290462.257 718355.988 689111.717 662058.68 614182.098 615488.326 629279.487 706883.508 711995.755 710795.729 736588.857 712940.541 618672.548 588657.689 593913.772 595133.106 588111.112 601286.477 590768.976 757936.291 764897.187 771990.81 779573.716 787688.723 795316.566 805148.414 813066.823 623517.107 541574.139 534864.221 529666.792 528847.057 527267.964 526752.377 337844.896 308896.343 198928.597 415726.191 662352.139 661485.246 665228.954 667203.567 670671.338 289580.101 256591.472 242390.952 77285.093 52904.305
2801308.029 2761097.141 2718913.78 2672335.338 2623266.181 2572044.005 2518559.296 2463919.241 2408711.338 2352679.727 2296454.935 641212.583 642882.457 583475.709 661934.281 604836.439 626956.402 595487.088 711970.994 711006.108 733426.147 710547.68 718194.297 593007.724 598465.266 632039.168 603841.459 596484.832 644855.866 759862.31 767007.559 774413.904 782259.34 790672.445 798644.995 808796.628 817120.256 825602.749 535272.607 528129.686 525551.689 521795.957 520171.236 518993.816 323711.432 181347.161 74581.803 181541.79 567139.993 684411.564 688754.007 691727.269 697404.978 390893.268 259077.011 243165.913 61705.335 53854.768
2874914.811 2828221.923 2779688.884 2726293.094 2671493.2 2614611.172 2556110.45 2497168.328 2438540.656 2329638.985 2271826.062 639322.443 561068.962 585975.786 587545.047 572874.297 589878.519 456339.079 705931.737 703177.92 713830.043 711312.739 719001.391 724910.38 731044.873 735426.047 640852.167 747844.953 754867.834 762067.12 769513.646 777224.239 785397.428 794157.834 802527.54 813060.132 821851.521 830840.417 620241.624 528765.703 519004.065 514996.344 513997.599 381479.828 298023.94 73400.37 61628.328 52030.339 475547.344 708873.12 714264.567 719668.438 724989.1 728913.316 261877.852 247615.308 61451.536 60991.818
2966433.204 2911740.722 2855332.063 2794465.86 2732484.638 2668941.79 2604380.755 2490206.086 2427038.508 2363673.926 2301744.969 632435.336 632219.078 581564.697 565219.407 525438.362 414845.309 417921.207 698388.183 708891.873 714349.9 714060.124 719926.286 726012.574 732321.224 736946.451 743711.384 749870.081 757122.392 764602.69 772369.138 780428.28 788973.341 798134.28 806956.41 817930.399 827256.298 836821.747 846615.268 620564.635 512738.948 518800.665 506544.898 339962.38 178309.666 74936.701 61124.81 44715.2 100762.698 733206.657 741930.462 748518.336 755007.246 759656.954 299850.949 261196.193 73552.737 53239.514
3068996.308 3004793.688 2939199.899 2869592.642 2799108.619 2678135.119 2606744.703 2536084.977 2466910.756 2398646.426 2331960.679 625827.32 572591.444 558366.945 475735.078 384527.718 372537.642 414852.434 536954.847 709376.19 714962.114 714966.655 720985.456 727254.199 733758.369 738649.218 745683.657 752099.664 759622.933 767447.344 775568.027 784014.132 792980.293 802590.586 811921.81 823400.055 833329.502 843546.222 854040.762 864796.988 619791.936 513029.994 382626.989 303178.449 83749.122 78377.916 61435.31 76320.892 86669.863 759041.311 767902.217 778888.886 787702.846 793534.993 423586.003 302390.159 76413.274 76350.682
3205220.694 3128751.627 3001501.558 2920791.183 2840470.428 2759984.386 2679948.92 2601597.941 2525639.756 2450873.081 2378400.008 568456.727 472930.952 421621.488 419841.924 372191.193 363342.51 411414.109 413357.188 709928.973 715632.362 715940.561 722166.259 728621.93 735344.333 740530.268 747248.726 754536.725 762390.321 770577.958 779092.27 787969.941 797972.227 807514.874 817413.455 827663.258 840059.806 851004.802 862287.75 873902.8 618890.365 419332.823 381172.844 186444.29 84343.448 100872.34 87313.899 192166.11 322572.606 802821.27 802373.42 809864.041 820710.113 829423.489 838428.834 436962.965 218936.744 118920.061
3317172.54 3225771.004 3134560.526 3040241.118 2947377.339 2855496.312 2765246.507 2677782.127 2593774.176 2511806.154 2432562.298 454354.677 446723.651 434866.009 432654.23 407710.074 364127.355 371697.931 410200.383 579064.848 733933.76 717026.867 723432.465 730115.224 737072.149 744343.755 751905.797 757208.105 765405.028 773983.196 782928.322 792277.744 802779.478 812895.842 823414.166 834345.444 847440.584 859194.212 871354.739 533245.035 896857.186 474961.82 461280.276 236323.906 110061.17 111800.749 203834.55 270358.593 803433.064 832367.675 834114.222 843522.667 856145.424 866660.478 877809 886527.75 447627.444 361411.372
3502619.295 3392228.517 3283452.488 3172754.055 3064911.688 2959702 2857448.849 2759387.128 2666061.749 2576200.805 2489472.039 442959.68 438576.05 436469.189 431112.613 430368.275 361706.853 381609.012 447597.915 452711.885 716896.841 718176.466 724795.386 731702.581 738934.165 746469.846 752597.366 760057.466 768641.19 777643.51 787056.428 796920.539 807972.593 818707.97 829910.55 841590.051 855460.206 868106.198 613662.288 501968.331 618499.378 467913.023 777309.749 764344.732 344574.044 326867.768 330882.837 706234.97 833976.506 864378.107 868545.539 880156.685 893719.8 907444.834 920566.822 462381.443 938669.09 945899.579
3729673.131 3594895.7 3464075.856 3332756.17 3206944.565 3085680.906 2969435.89 2859280.939 2755557.353 2655856.928 2561067.608 484367.207 447196.17 434520.719 432407.423 443635.654 412238.538 372303.714 445664.658 587015.315 715631.661 719046.881 726217.814 733395.839 740882.788 748722.565 755229.844 763082.323 772079.453 781539.522 791457.418 801878.203 813525.802 824935.472 836881.749 849379.923 864103.798 877729.222 891937.461 497301.186 494488.392 487219.848 798529.711 813919.347 829892.662 846369.96 863240.349 880560.899 870295.414 899084.815 902546.565 920093.963 936109.559 952122.998 967689.55 979294.99 989637.572 998805.223
3995080.294 3829394.535 3671059.551 3514888.842 3367448.538 3227399.048 3094958.387 2970941.013 2855391.613 2744870.925 2641007.209 446287.457 480908.183 479396.514 442041.271 441130.342 408351.505 451360.106 594137.331 700946.135 714389.018 718154.926 727708.082 735142.283 742902.466 751059.821 757473.596 766260.9 775701.13 785649.818 796108.992 807181.588 819416.866 831558.69 844311.904 857694.11 873352.462 888054.389 903427.6 617553.908 422564.687 379988.963 371917.141 482264.346 856122.249 874739.407 893881.279 913905.357 916183.262 936741.048 478473.467 963701.002 982553.089 1001380.942 1019746.373 1033761.218 1046674.561 1058171.501
4299243.546 4094461.055 3902160.926 3715912.112 3542846.017 3381046.699 3230032.084 3090420.751 2961391.959 2839328.71 2725621.497 434459.379 433001.912 441733.009 440386.865 445331.352 574139.965 582434.947 689744.772 558253.001 566636.511 717610.529 727435.196 736943.752 745006.298 753509.645 760354.955 769570.976 779481.189 789950.091 800986.156 812696.255 825625.428 838550.819 852168.233 866507.146 883182.418 899046.888 915698.866 933151.643 525921.253 483484.737 486208.833 489995.605 883924.428 904938.403 926639.856 950358.316 954059.26 977620.756 986836.995 1011371.755 1033555.452 1055682.455 1077330.093 1094689.68 1110647.872 1124957.133
4658743.627 4404236.137 4169728.947 3946434.332 3743203.797 3556119.254 3384099.405 3227524.387 3083281.535 2948501.37 2824094.471 433572.195 430580.257 440115.722 477097.324 444753.988 578199.171 612416.693 688879.904 704142.76 511159.267 513151.331 566258.371 570791.95 573118.448 756030.077 763324.546 772990.682 783395.311 794413.95 806062.865 818448.023 832121.331 845883.113 860428.03 875794.652 893564.074 910686.44 928727.66 947711.697 834981.035 848543.255 868929.332 890630.403 913380.019 937067.42 961785.056 1001237.557 995001.42 1012152.683 1036300.306 1063586.083 1089663.594 1115708.883 1141294.029 1162963.41 1182716.762 1200244.247
5073575.733 4754597.857 4468185.389 4202393.649 3963998.772 3748254.712 3552840.315 3376180.044 3216090.332 3067791.157 2931840.941 429015.872 428792.517 438741.187 451276.26 572118.876 586199.371 680544.333 546724.199 556718.349 555397.182 493568.306 510018.369 438561.14 495061.324 573521.491 766356.572 776492.585 787416.017 799013.924 811304.225 824404.114 838859.859 853509.458 869042.094 885506.97 904467.346 922946.142 942475.688 963130.457 865225.152 872015.247 895004.259 919044.532 944549.797 971274.672 999489.543 1041712.343 1039251.323 1060701.542 1089156.106 1120840.571 1151496.162 1182192.951 1211896.445 1237873.349 1262244.525 1284463.021
5543069.628 5144479.14 4795334.898 4478710.52 4200247.867 3952707.422 3731761.313 3534499.422 3357538.277 3195131.421 3047089.599 426077.106 427210.819 370526.961 403221.773 472705.611 607687.169 680032.522 688095.462 630840.243 706523.753 646322.311 435020.533 435712.327 494413.021 685591.18 769433.215 780057.399 791521.752 803722.551 816677.745 830533.649 845808.448 861395.4 877974.397 895606.976 915835.359 935766.534 956919.559 979377.785 878363.946 896570.297 922090.365 948962.217 977515.35 1007566.501 1039417.509 1085197.944 1087055.283 1113400.259 1146843.224 1183683.782 1219457.373 1255999.639 1289969.667 1321675.266 1351444.395 1378893.627
